5.2264
5.2363
5.2463
5.2563
5.2663
5.2763
5.2863
5.2963
5.3063
5.3163
5.3263
5.3363
5.3463
5.3563
5.3663
5.3763
5.3863
5.3963
5.4063
5.4163
5.4263
5.4363
5.4463
5.4563
5.4663
5.4763
5.4863
5.4963
5.5063
5.5163
5.5263
5.5363
5.5463
5.5563
5.5663
5.5763
5.5863
5.5963
5.6063
5.6163
5.6263
5.6363
5.6463
5.6563
5.6663
5.6763
5.6863
5.6963
5.7063
5.7163
5.7262
5.7362
5.7462
5.7562
5.7662
5.7762
5.7862
5.7962
5.8062
5.8162
5.8262
5.8362
5.8462
5.8562
5.8662
5.8762
5.8862
5.8962
5.9062
5.9162
5.9262
5.9362
5.9462
5.9562
5.9662
5.9762
5.9862
5.9962
6.0062
6.0162
6.0262
6.0362
6.0462
6.0562
6.0662
6.0762
6.0862
6.0962
6.1062
6.1162
6.1262
6.1362
6.1462
6.1562
6.1662
6.1762
6.1862
6.1962
6.2062
6.2162
6.2261
6.2361
6.2461
6.2561
6.2661
6.2761
6.2861
6.2961
6.3061
6.3161
6.3261
6.3361
6.3461
6.3561
6.3661
6.3761
6.3861
6.3961
6.4061
6.4161
6.4261
6.4361
6.4461
6.4561
6.4661
6.4761
6.4861
6.4961
6.5061
6.5161
6.5261
6.5361
6.5461
6.5561
6.5661
6.5761
6.5861
6.5961
6.6061
6.6161
6.6261
6.6361
6.6461
6.6561
6.6661
6.6761
6.6861
6.6961
6.7061
6.7160
6.7260
6.7360
6.7460
6.7560
6.7660
6.7760
6.7860
6.7960
6.8060
6.8160
6.8260
6.8360
6.8460
6.8560
6.8660
6.8760
6.8860
6.8960
6.9060
6.9160
6.9260
6.9360
6.9460
6.9560
6.9660
6.9760
6.9860
6.9960
7.0060
7.0160
7.0260
7.0360
7.0460
7.0560
7.0660
7.0760
7.0860
7.0960
7.1060
7.1160
7.1260
7.1360
7.1460
7.1560
7.1660
7.1760
7.1860
7.1960
7.2059
7.2159
7.2259
7.2359
7.2459
7.2559
7.2659
7.2759
7.2859
7.2959
7.3059
7.3159
7.3259
7.3359
7.3459
7.3559
7.3659
7.3759
7.3859
7.3959
7.4059
7.4159
7.4259
7.4359
7.4459
7.4559
7.4659
7.4759
7.4859
7.4959
7.5059
7.5159
7.5259
7.5359
7.5459
7.5559
7.5659
7.5759
7.5859
7.5959
7.6059
7.6159
7.6259
7.6359
7.6459
7.6559
7.6659
7.6759
7.6859
7.6958
7.7058
7.7158
7.7258
7.7358
7.7458
7.7558
7.7658
7.7758
7.7858
7.7958
7.8058
7.8158
7.8258
7.8358
7.8458
7.8558
7.8658
7.8758
7.8858
7.8958
7.9058
7.9158
7.9258
7.9358
7.9458
7.9558
7.9658
7.9758
7.9858
7.9958
8.0058
8.0158
8.0258
8.0358
8.0458
8.0558
8.0658
8.0758
8.0858
8.0958
8.1058
8.1158
8.1258
8.1358
8.1458
8.1558
8.1658
8.1758
8.1858
8.1957
8.2057
8.2157
8.2257
8.2357
8.2457
8.2557
8.2657
8.2757
8.2857
8.2957
8.3057
8.3157
8.3257
8.3357
8.3457
8.3557
8.3657
8.3757
8.3857
8.3957
8.4057
8.4157
8.4257
8.4357
8.4457
8.4557
8.4657
8.4757
8.4857
8.4957
8.5057
8.5157
8.5257
8.5357
8.5457
8.5557
8.5657
8.5757
8.5857
8.5957
8.6057
8.6157
8.6257
8.6357
8.6457
8.6557
8.6657
8.6757
8.6856
8.6956
8.7056
8.7156
8.7256
8.7356
8.7456
8.7556
8.7656
8.7756
8.7856
8.7956
8.8056
8.8156
8.8256
8.8356
8.8456
8.8556
8.8656
8.8756
8.8856
8.8956
8.9056
8.9156
8.9256
8.9356
8.9456
8.9556
8.9656
8.9756
8.9856
8.9956
9.0056
9.0156
9.0256
9.0356
9.0456
9.0556
9.0656
9.0756
9.0856
9.0956
9.1056
9.1156
9.1256
9.1356
9.1456
9.1556
9.1656
9.1755
9.1855
9.1955
9.2055
9.2155
9.2255
9.2355
9.2455
9.2555
9.2655
9.2755
9.2855
9.2955
9.3055
9.3155
9.3255
9.3355
9.3455
9.3555
9.3655
9.3755
9.3855
9.3955
9.4055
9.4155
9.4255
9.4355
9.4455
9.4555
9.4655
9.4755
9.4855
9.4955
9.5055
9.5155
9.5255
9.5355
9.5455
9.5555
9.5655
9.5755
9.5855
9.5955
9.6055
9.6155
9.6255
9.6355
9.6455
9.6555
9.6655
9.6754
9.6854
9.6954
9.7054
9.7154
9.7254
9.7354
9.7454
9.7554
9.7654
9.7754
9.7854
9.7954
9.8054
9.8154
9.8254
9.8354
9.8454
9.8554
9.8654
9.8754
9.8854
9.8954
9.9054
9.9154
9.9254
9.9354
9.9454
9.9554
9.9654
9.9754
9.9854
9.9954
10.0054
10.0154
10.0254
10.0354
10.0454
10.0554
10.0654
10.0754
10.0854
10.0954
10.1054
10.1154
10.1254
10.1354
10.1454
10.1554
10.1653
10.1753
10.1853
10.1953
10.2053
10.2153
10.2253
10.2353
10.2453
10.2553
10.2653
10.2753
10.2853
10.2953
10.3053
10.3153
10.3253
10.3353
10.3453
10.3553
10.3653
10.3753
10.3853
10.3953
10.4053
10.4153
10.4253
10.4353
10.4453
10.4553
10.4653
10.4753
10.4853
10.4953
10.5053
10.5153
10.5253
10.5353
10.5453
10.5553
10.5653
10.5753
10.5853
10.5953
10.6053
10.6153
10.6253
10.6353
10.6453
10.6552
10.6652
10.6752
10.6852
10.6952
10.7052
10.7152
10.7252
10.7352
10.7452
10.7552
10.7652
10.7752
10.7852
10.7952
10.8052
10.8152
10.8252
10.8352
10.8452
10.8552
10.8652
10.8752
10.8852
10.8952
10.9052
10.9152
10.9252
10.9352
10.9452
10.9552
10.9652
10.9752
10.9852
10.9952
11.0052
11.0152
11.0252
11.0352
11.0452
11.0552
11.0652
11.0752
11.0852
11.0952
11.1052
11.1152
11.1252
11.1352
11.1451
11.1551
11.1651
11.1751
11.1851
11.1951
11.2051
11.2151
11.2251
11.2351
11.2451
11.2551
11.2651
11.2751
11.2851
11.2951
11.3051
11.3151
11.3251
11.3351
11.3451
11.3551
11.3651
11.3751
11.3851
11.3951
11.4051
11.4151
11.4251
11.4351
11.4451
11.4551
11.4651
11.4751
11.4851
11.4951
11.5051
11.5151
11.5251
11.5351
11.5451
11.5551
11.5651
11.5751
11.5851
11.5951
11.6051
11.6151
11.6251
11.6351
11.6450
11.6550
11.6650
11.6750
11.6850
11.6950
11.7050
11.7150
11.7250
11.7350
11.7450
11.7550
11.7650
11.7750
11.7850
11.7950
11.8050
11.8150
11.8250
11.8350
11.8450
11.8550
11.8650
11.8750
11.8850
11.8950
11.9050
11.9150
11.9250
11.9350
11.9450
11.9550
11.9650
11.9750
11.9850
11.9950
12.0050
12.0150
12.0250
12.0350
12.0450
12.0550
12.0650
12.0750
12.0850
12.0950
12.1050
12.1150
12.1250
12.1349
12.1449
12.1549
12.1649
12.1749
12.1849
12.1949
12.2049
12.2149
12.2249
12.2349
12.2449
12.2549
12.2649
12.2749
12.2849
12.2949
12.3049
12.3149
12.3249
12.3349
12.3449
12.3549
12.3649
12.3749
12.3849
12.3949
12.4049
12.4149
12.4249
12.4349
12.4449
12.4549
12.4649
12.4749
12.4849
12.4949
12.5049
12.5149
12.5249
12.5349
12.5449
12.5549
12.5649
12.5749
12.5849
12.5949
12.6049
12.6149
12.6248
12.6348
12.6448
12.6548
12.6648
12.6748
12.6848
12.6948
12.7048
12.7148
12.7248
12.7348
12.7448
12.7548
12.7648
12.7748
12.7848
12.7948
12.8048
12.8148
12.8248
12.8348
12.8448
12.8548
12.8648
12.8748
12.8848
12.8948
12.9048
12.9148
12.9248
12.9348
12.9448
12.9548
12.9648
12.9748
12.9848
12.9948
13.0048
13.0148
13.0248
13.0348
13.0448
13.0548
13.0648
13.0748
13.0848
13.0948
13.1048
13.1148
13.1247
13.1347
13.1447
13.1547
13.1647
13.1747
13.1847
13.1947
13.2047
13.2147
13.2247
13.2347
13.2447
13.2547
13.2647
13.2747
13.2847
13.2947
13.3047
13.3147
13.3247
13.3347
13.3447
13.3547
13.3647
13.3747
13.3847
13.3947
13.4047
13.4147
13.4247
13.4347
13.4447
13.4547
13.4647
13.4747
13.4847
13.4947
13.5047
13.5147
13.5247
13.5347
13.5447
13.5547
13.5647
13.5747
13.5847
13.5947
13.6047
13.6146
13.6246
13.6346
13.6446
13.6546
13.6646
13.6746
13.6846
13.6946
13.7046
13.7146
13.7246
13.7346
13.7446
13.7546
13.7646
13.7746
13.7846
13.7946
13.8046
13.8146
13.8246
13.8346
13.8446
13.8546
13.8646
13.8746
13.8846
13.8946
13.9046
13.9146
13.9246
13.9346
13.9446
13.9546
13.9646
13.9746
13.9846
13.9946
14.0046
14.0146
14.0246
14.0346
14.0446
14.0546
14.0646
14.0746
14.0846
14.0946
14.1045
14.1145
14.1245
14.1345
14.1445
14.1545
14.1645
14.1745
14.1845
14.1945
14.2045
14.2145
14.2245
14.2345
14.2445
14.2545
14.2645
14.2745
14.2845
14.2945
14.3045
14.3145
14.3245
14.3345
14.3445
14.3545
14.3645
14.3745
14.3845
14.3945
14.4045
14.4145
14.4245
14.4345
14.4445
14.4545
14.4645
14.4745
14.4845
14.4945
14.5045
14.5145
14.5245
14.5345
14.5445
14.5545
14.5645
14.5745
14.5845
14.5944
14.6044
14.6144
14.6244
14.6344
14.6444
14.6544
14.6644
14.6744
14.6844
14.6944
14.7044
14.7144
14.7244
14.7344
14.7444
14.7544
14.7644
14.7744
14.7844
14.7944
14.8044
14.8144
14.8244
14.8344
14.8444
14.8544
14.8644
14.8744
14.8844
14.8944
14.9044
14.9144
14.9244
14.9344
14.9444
14.9544
14.9644
14.9744
14.9844
14.9944
15.0044
15.0144
15.0244
15.0344
15.0444
15.0544
15.0644
15.0744
15.0844
15.0943
15.1043
15.1143
15.1243
15.1343
15.1443
15.1543
15.1643
15.1743
15.1843
15.1943
15.2043
15.2143
15.2243
15.2343
15.2443
15.2543
15.2643
15.2743
15.2843
15.2943
15.3043
15.3143
15.3243
15.3343
15.3443
15.3543
15.3643
15.3743
15.3843
15.3943
15.4043
15.4143
15.4243
15.4343
15.4443
15.4543
15.4643
15.4743
15.4843
15.4943
15.5043
15.5143
15.5243
15.5343
15.5443
15.5543
15.5643
15.5743
15.5842
15.5942
15.6042
15.6142
15.6242
15.6342
15.6442
15.6542
15.6642
15.6742
15.6842
15.6942
15.7042
15.7142
15.7242
15.7342
15.7442
15.7542
15.7642
15.7742
15.7842
15.7942
15.8042
15.8142
15.8242
15.8342
15.8442
15.8542
15.8642
15.8742
15.8842
15.8942
15.9042
15.9142
15.9242
15.9342
15.9442
15.9542
15.9642
15.9742
15.9842
15.9942
16.0042
16.0142
16.0242
16.0342
16.0442
16.0542
16.0642
16.0741
16.0841
16.0941
16.1041
16.1141
16.1241
16.1341
16.1441
16.1541
16.1641
16.1741
16.1841
16.1941
16.2041
16.2141
16.2241
16.2341
16.2441
16.2541
16.2641
16.2741
16.2841
16.2941
16.3041
16.3141
16.3241
16.3341
16.3441
16.3541
16.3641
16.3741
16.3841
16.3941
16.4041
16.4141
16.4241
16.4341
16.4441
16.4541
16.4641
16.4741
16.4841
16.4941
16.5041
16.5141
16.5241
16.5341
16.5441
16.5541
16.5641
16.5740
16.5840
16.5940
16.6040
16.6140
16.6240
16.6340
16.6440
16.6540
16.6640
16.6740
16.6840
16.6940
16.7040
16.7140
16.7240
16.7340
16.7440
16.7540
16.7640
16.7740
16.7840
16.7940
16.8040
16.8140
16.8240
16.8340
16.8440
16.8540
16.8640
16.8740
16.8840
16.8940
16.9040
16.9140
16.9240
16.9340
16.9440
16.9540
16.9640
16.9740
16.9840
16.9940
17.0040
17.0140
17.0240
17.0340
17.0440
17.0540
17.0639
17.0739
17.0839
17.0939
17.1039
17.1139
17.1239
17.1339
17.1439
17.1539
17.1639
17.1739
17.1839
17.1939
17.2039
17.2139
17.2239
17.2339
17.2439
17.2539
17.2639
17.2739
17.2839
17.2939
17.3039
17.3139
17.3239
17.3339
17.3439
17.3539
17.3639
17.3739
17.3839
17.3939
17.4039
17.4139
17.4239
17.4339
17.4439
17.4539
17.4639
17.4739
17.4839
17.4939
17.5039
17.5139
17.5239
17.5339
17.5439
17.5538
17.5638
17.5738
17.5838
17.5938
17.6038
17.6138
17.6238
17.6338
17.6438
17.6538
17.6638
17.6738
17.6838
17.6938
17.7038
17.7138
17.7238
17.7338
17.7438
17.7538
17.7638
17.7738
17.7838
17.7938
17.8038
17.8138
17.8238
17.8338
17.8438
17.8538
17.8638
17.8738
17.8838
17.8938
17.9038
17.9138
17.9238
17.9338
17.9438
17.9538
17.9638
17.9738
17.9838
17.9938
18.0038
18.0138
18.0238
18.0338
18.0437
18.0537
18.0637
18.0737
18.0837
18.0937
18.1037
18.1137
18.1237
18.1337
18.1437
18.1537
18.1637
18.1737
18.1837
18.1937
18.2037
18.2137
18.2237
18.2337
18.2437
18.2537
18.2637
18.2737
18.2837
18.2937
18.3037
18.3137
18.3237
18.3337
18.3437
18.3537
18.3637
18.3737
18.3837
18.3937
18.4037
18.4137
18.4237
18.4337
18.4437
18.4537
18.4637
18.4737
18.4837
18.4937
18.5037
18.5137
18.5237
18.5337
18.5436
18.5536
18.5636
18.5736
18.5836
18.5936
18.6036
18.6136
18.6236
18.6336
18.6436
18.6536
18.6636
18.6736
18.6836
18.6936
18.7036
18.7136
18.7236
18.7336
18.7436
18.7536
18.7636
18.7736
18.7836
18.7936
18.8036
18.8136
18.8236
18.8336
18.8436
18.8536
18.8636
18.8736
18.8836
18.8936
18.9036
18.9136
18.9236
18.9336
18.9436
18.9536
18.9636
18.9736
18.9836
18.9936
19.0036
19.0136
19.0236
19.0335
19.0435
19.0535
19.0635
19.0735
19.0835
19.0935
19.1035
19.1135
19.1235
19.1335
19.1435
19.1535
19.1635
19.1735
19.1835
19.1935
19.2035
19.2135
19.2235
19.2335
19.2435
19.2535
19.2635
19.2735
19.2835
19.2935
19.3035
19.3135
19.3235
19.3335
19.3435
19.3535
19.3635
19.3735
19.3835
19.3935
19.4035
19.4135
19.4235
19.4335
19.4435
19.4535
19.4635
19.4735
19.4835
19.4935
19.5035
19.5135
19.5234
19.5334
19.5434
19.5534
19.5634
19.5734
19.5834
19.5934
19.6034
19.6134
19.6234
19.6334
19.6434
19.6534
19.6634
19.6734
19.6834
19.6934
19.7034
19.7134
19.7234
19.7334
19.7434
19.7534
19.7634
19.7734
19.7834
19.7934
19.8034
19.8134
19.8234
19.8334
19.8434
19.8534
19.8634
19.8734
19.8834
19.8934
19.9034
19.9134
19.9234
19.9334
19.9434
19.9534
19.9634
19.9734
19.9834
19.9934
20.0034
20.0134
20.0233
20.0333
20.0433
20.0533
20.0633
20.0733
20.0833
20.0933
20.1033
20.1133
20.1233
20.1333
20.1433
20.1533
20.1633
20.1733
20.1833
20.1933
20.2033
20.2133
20.2233
20.2333
20.2433
20.2533
20.2633
20.2733
20.2833
20.2933
20.3033
20.3133
20.3233
20.3333
20.3433
20.3533
20.3633
20.3733
20.3833
20.3933
20.4033
20.4133
20.4233
20.4333
20.4433
20.4533
20.4633
20.4733
20.4833
20.4933
20.5033
20.5132
20.5232
20.5332
20.5432
20.5532
20.5632
20.5732
20.5832
20.5932
20.6032
20.6132
20.6232
20.6332
20.6432
20.6532
20.6632
20.6732
20.6832
20.6932
20.7032
20.7132
20.7232
20.7332
20.7432
20.7532
20.7632
20.7732
20.7832
20.7932
20.8032
20.8132
20.8232
20.8332
20.8432
20.8532
20.8632
20.8732
20.8832
20.8932
20.9032
20.9132
20.9232
20.9332
20.9432
20.9532
20.9632
20.9732
20.9832
20.9932
21.0031
21.0131
21.0231
21.0331
21.0431
21.0531
21.0631
21.0731
21.0831
21.0931
21.1031
21.1131
21.1231
21.1331
21.1431
21.1531
21.1631
21.1731
21.1831
21.1931
21.2031
21.2131
21.2231
21.2331
21.2431
21.2531
21.2631
21.2731
21.2831
21.2931
21.3031
21.3131
21.3231
21.3331
21.3431
21.3531
21.3631
21.3731
21.3831
21.3931
21.4031
21.4131
21.4231
21.4331
21.4431
21.4531
21.4631
21.4731
21.4831
21.4931
21.5030
21.5130
21.5230
21.5330
21.5430
21.5530
21.5630
21.5730
21.5830
21.5930
21.6030
21.6130
21.6230
21.6330
21.6430
21.6530
21.6630
21.6730
21.6830
21.6930
21.7030
21.7130
21.7230
21.7330
21.7430
21.7530
21.7630
21.7730
21.7830
21.7930
21.8030
21.8130
21.8230
21.8330
21.8430
21.8530
21.8630
21.8730
21.8830
21.8930
21.9030
21.9130
21.9230
21.9330
21.9430
21.9530
21.9630
21.9730
21.9830
21.9929
22.0029
22.0129
22.0229
22.0329
22.0429
22.0529
22.0629
22.0729
22.0829
22.0929
22.1029
22.1129
22.1229
22.1329
22.1429
22.1529
22.1629
22.1729
22.1829
22.1929
22.2029
22.2129
22.2229
22.2329
22.2429
22.2529
22.2629
22.2729
22.2829
22.2929
22.3029
22.3129
22.3229
22.3329
22.3429
22.3529
22.3629
22.3729
22.3829
22.3929
22.4029
22.4129
22.4229
22.4329
22.4429
22.4529
22.4629
22.4729
22.4828
22.4928
22.5028
22.5128
22.5228
22.5328
22.5428
22.5528
22.5628
22.5728
22.5828
22.5928
22.6028
22.6128
22.6228
22.6328
22.6428
22.6528
22.6628
22.6728
22.6828
22.6928
22.7028
22.7128
22.7228
22.7328
22.7428
22.7528
22.7628
22.7728
22.7828
22.7928
22.8028
22.8128
22.8228
22.8328
22.8428
22.8528
22.8628
22.8728
22.8828
22.8928
22.9028
22.9128
22.9228
22.9328
22.9428
22.9528
22.9628
22.9727
22.9827
22.9927
23.0027
23.0127
23.0227
23.0327
23.0427
23.0527
23.0627
23.0727
23.0827
23.0927
23.1027
23.1127
23.1227
23.1327
23.1427
23.1527
23.1627
23.1727
23.1827
23.1927
23.2027
23.2127
23.2227
23.2327
23.2427
23.2527
23.2627
23.2727
23.2827
23.2927
23.3027
23.3127
23.3227
23.3327
23.3427
23.3527
23.3627
23.3727
23.3827
23.3927
23.4027
23.4127
23.4227
23.4327
23.4427
23.4527
23.4627
23.4726
23.4826
23.4926
23.5026
23.5126
23.5226
23.5326
23.5426
23.5526
23.5626
23.5726
23.5826
23.5926
23.6026
23.6126
23.6226
23.6326
23.6426
23.6526
23.6626
23.6726
23.6826
23.6926
23.7026
23.7126
23.7226
23.7326
23.7426
23.7526
23.7626
23.7726
23.7826
23.7926
23.8026
23.8126
23.8226
23.8326
23.8426
23.8526
23.8626
23.8726
23.8826
23.8926
23.9026
23.9126
23.9226
23.9326
23.9426
23.9526
23.9625
23.9725
23.9825
23.9925
24.0025
24.0125
24.0225
24.0325
24.0425
24.0525
24.0625
24.0725
24.0825
24.0925
24.1025
24.1125
24.1225
24.1325
24.1425
24.1525
24.1625
24.1725
24.1825
24.1925
24.2025
24.2125
24.2225
24.2325
24.2425
24.2525
24.2625
24.2725
24.2825
24.2925
24.3025
24.3125
24.3225
24.3325
24.3425
24.3525
24.3625
24.3725
24.3825
24.3925
24.4025
24.4125
24.4225
24.4325
24.4425
24.4524
24.4624
24.4724
24.4824
24.4924
24.5024
24.5124
24.5224
24.5324
24.5424
24.5524
24.5624
24.5724
24.5824
24.5924
24.6024
24.6124
24.6224
24.6324
24.6424
24.6524
24.6624
24.6724
24.6824
24.6924
24.7024
24.7124
24.7224
24.7324
24.7424
24.7524
24.7624
24.7724
24.7824
24.7924
24.8024
24.8124
24.8224
24.8324
24.8424
24.8524
24.8624
24.8724
24.8824
24.8924
24.9024
24.9124
24.9224
24.9324
24.9424
24.9523
24.9623
24.9723
24.9823
24.9923
25.0023
25.0123
25.0223
25.0323
25.0423
25.0523
25.0623
25.0723
25.0823
25.0923
25.1023
25.1123
25.1223
25.1323
25.1423
25.1523
25.1623
25.1723
25.1823
25.1923
25.2023
25.2123
25.2223
25.2323
25.2423
25.2523
25.2623
25.2723
25.2823
25.2923
25.3023
25.3123
25.3223
25.3323
25.3423
25.3523
25.3623
25.3723
25.3823
25.3923
25.4023
25.4123
25.4223
25.4323
25.4422
25.4522
25.4622
25.4722
25.4822
25.4922
25.5022
25.5122
25.5222
25.5322
25.5422
25.5522
25.5622
25.5722
25.5822
25.5922
25.6022
25.6122
25.6222
25.6322
25.6422
25.6522
25.6622
25.6722
25.6822
25.6922
25.7022
25.7122
25.7222
25.7322
25.7422
25.7522
25.7622
25.7722
25.7822
25.7922
25.8022
25.8122
25.8222
25.8322
25.8422
25.8522
25.8622
25.8722
25.8822
25.8922
25.9022
25.9122
25.9222
25.9321
25.9421
25.9521
25.9621
25.9721
25.9821
25.9921
26.0021
26.0121
26.0221
26.0321
26.0421
26.0521
26.0621
26.0721
26.0821
26.0921
26.1021
26.1121
26.1221
26.1321
26.1421
26.1521
26.1621
26.1721
26.1821
26.1921
26.2021
26.2121
26.2221
26.2321
26.2421
26.2521
26.2621
26.2721
26.2821
26.2921
26.3021
26.3121
26.3221
26.3321
26.3421
26.3521
26.3621
26.3721
26.3821
26.3921
26.4021
26.4121
26.4220
26.4320
26.4420
26.4520
26.4620
26.4720
26.4820
26.4920
26.5020
26.5120
26.5220
26.5320
26.5420
26.5520
26.5620
26.5720
26.5820
26.5920
26.6020
26.6120
26.6220
26.6320
26.6420
26.6520
26.6620
26.6720
26.6820
26.6920
26.7020
26.7120
26.7220
26.7320
26.7420
26.7520
26.7620
26.7720
26.7820
26.7920
26.8020
26.8120
26.8220
26.8320
26.8420
26.8520
26.8620
26.8720
26.8820
26.8920
26.9020
26.9120
26.9219
26.9319
26.9419
26.9519
26.9619
26.9719
26.9819
26.9919
27.0019
27.0119
27.0219
27.0319
27.0419
27.0519
27.0619
27.0719
27.0819
27.0919
27.1019
27.1119
27.1219
27.1319
27.1419
27.1519
27.1619
27.1719
27.1819
27.1919
27.2019
27.2119
27.2219
27.2319
27.2419
27.2519
27.2619
27.2719
27.2819
27.2919
27.3019
27.3119
27.3219
27.3319
27.3419
27.3519
27.3619
27.3719
27.3819
27.3919
27.4019
27.4118
27.4218
27.4318
27.4418
27.4518
27.4618
27.4718
27.4818
27.4918
27.5018
27.5118
27.5218
27.5318
27.5418
27.5518
27.5618
27.5718
27.5818
27.5918
27.6018
27.6118
27.6218
27.6318
27.6418
27.6518
27.6618
27.6718
27.6818
27.6918
27.7018
27.7118
27.7218
27.7318
27.7418
27.7518
27.7618
27.7718
27.7818
27.7918
27.8018
27.8118
27.8218
27.8318
27.8418
27.8518
27.8618
27.8718
27.8818
27.8918
27.9017
27.9117
27.9217
27.9317
27.9417
27.9517
27.9617
27.9717
27.9817
27.9917
28.0017
28.0117
28.0217
28.0317
28.0417
28.0517
28.0617
28.0717
28.0817
28.0917
28.1017
28.1117
28.1217
28.1317
28.1417
28.1517
28.1617
28.1717
28.1817
28.1917
28.2017
28.2117
28.2217
28.2317
28.2417
28.2517
28.2617
28.2717
28.2817
28.2917
28.3017
28.3117
28.3217
28.3317
28.3417
28.3517
28.3617
28.3717
28.3817
28.3917
28.4016
28.4116
28.4216
28.4316
28.4416
28.4516
28.4616
28.4716
28.4816
28.4916
28.5016
28.5116
28.5216
28.5316
28.5416
28.5516
28.5616
28.5716
28.5816
28.5916
28.6016
28.6116
28.6216
28.6316
28.6416
28.6516
28.6616
28.6716
28.6816
28.6916
28.7016
28.7116
28.7216
28.7316
28.7416
28.7516
28.7616
28.7716
28.7816
28.7916
28.8016
28.8116
28.8216
28.8316
28.8416
28.8516
28.8616
28.8716
28.8816
28.8915
28.9015
28.9115
28.9215
28.9315
28.9415
28.9515
28.9615
28.9715
28.9815
28.9915
29.0015
29.0115
29.0215
29.0315
29.0415
29.0515
29.0615
29.0715
29.0815
29.0915
29.1015
29.1115
29.1215
29.1315
29.1415
29.1515
29.1615
29.1715
29.1815
29.1915
29.2015
29.2115
29.2215
29.2315
29.2415
29.2515
29.2615
29.2715
29.2815
29.2915
29.3015
29.3115
29.3215
29.3315
29.3415
29.3515
29.3615
29.3715
29.3814
29.3914
29.4014
29.4114
29.4214
29.4314
29.4414
29.4514
29.4614
29.4714
29.4814
29.4914
29.5014
29.5114
29.5214
29.5314
29.5414
29.5514
29.5614
29.5714
29.5814
29.5914
29.6014
29.6114
29.6214
29.6314
29.6414
29.6514
29.6614
29.6714
29.6814
29.6914
29.7014
29.7114
29.7214
29.7314
29.7414
29.7514
29.7614
29.7714
29.7814
29.7914
29.8014
29.8114
29.8214
29.8314
29.8414
29.8514
29.8614
29.8714
29.8813
29.8913
29.9013
29.9113
29.9213
29.9313
29.9413
29.9513
29.9613
29.9713
29.9813
29.9913
30.0013
30.0113
30.0213
30.0313
30.0413
30.0513
30.0613
30.0713
30.0813
30.0913
30.1013
30.1113
30.1213
30.1313
30.1413
30.1513
30.1613
30.1713
30.1813
30.1913
30.2013
30.2113
30.2213
30.2313
30.2413
30.2513
30.2613
30.2713
30.2813
30.2913
30.3013
30.3113
30.3213
30.3313
30.3413
30.3513
30.3613
30.3712
30.3812
30.3912
30.4012
30.4112
30.4212
30.4312
30.4412
30.4512
30.4612
30.4712
30.4812
30.4912
30.5012
30.5112
30.5212
30.5312
30.5412
30.5512
30.5612
30.5712
30.5812
30.5912
30.6012
30.6112
30.6212
30.6312
30.6412
30.6512
30.6612
30.6712
30.6812
30.6912
30.7012
30.7112
30.7212
30.7312
30.7412
30.7512
30.7612
30.7712
30.7812
30.7912
30.8012
30.8112
30.8212
30.8312
30.8412
30.8512
30.8611
30.8711
30.8811
30.8911
30.9011
30.9111
30.9211
30.9311
30.9411
30.9511
30.9611
30.9711
30.9811
30.9911
31.0011
31.0111
31.0211
31.0311
31.0411
31.0511
31.0611
31.0711
31.0811
31.0911
31.1011
31.1111
31.1211
31.1311
31.1411
31.1511
31.1611
31.1711
31.1811
31.1911
31.2011
31.2111
31.2211
31.2311
31.2411
31.2511
31.2611
31.2711
31.2811
31.2911
31.3011
31.3111
31.3211
31.3311
31.3411
31.3510
31.3610
31.3710
31.3810
31.3910
31.4010
31.4110
31.4210
31.4310
31.4410
31.4510
31.4610
31.4710
31.4810
31.4910
31.5010
31.5110
31.5210
31.5310
31.5410
31.5510
31.5610
31.5710
31.5810
31.5910
31.6010
31.6110
31.6210
31.6310
31.6410
31.6510
31.6610
31.6710
31.6810
31.6910
31.7010
31.7110
31.7210
31.7310
31.7410
31.7510
31.7610
31.7710
31.7810
31.7910
31.8010
31.8110
31.8210
31.8310
31.8410
31.8509
31.8609
31.8709
31.8809
31.8909
31.9009
31.9109
31.9209
31.9309
31.9409
31.9509
31.9609
31.9709
31.9809
31.9909
32.0009
32.0109
32.0209
32.0309
32.0409
32.0509
32.0609
32.0709
32.0809
32.0909
32.1009
32.1109
32.1209
32.1309
32.1409
32.1509
32.1609
32.1709
32.1809
32.1909
32.2009
32.2109
32.2209
32.2309
32.2409
32.2509
32.2609
32.2709
32.2809
32.2909
32.3009
32.3109
32.3209
32.3309
32.3408
32.3508
32.3608
32.3708
32.3808
32.3908
32.4008
32.4108
32.4208
32.4308
32.4408
32.4508
32.4608
32.4708
32.4808
32.4908
32.5008
32.5108
32.5208
32.5308
32.5408
32.5508
32.5608
32.5708
32.5808
32.5908
32.6008
32.6108
32.6208
32.6308
32.6408
32.6508
32.6608
32.6708
32.6808
32.6908
32.7008
32.7108
32.7208
32.7308
32.7408
32.7508
32.7608
32.7708
32.7808
32.7908
32.8008
32.8108
32.8208
32.8307
32.8407
32.8507
32.8607
32.8707
32.8807
32.8907
32.9007
32.9107
32.9207
32.9307
32.9407
32.9507
32.9607
32.9707
32.9807
32.9907
33.0007
33.0107
33.0207
33.0307
33.0407
33.0507
33.0607
33.0707
33.0807
33.0907
33.1007
33.1107
33.1207
33.1307
33.1407
33.1507
33.1607
33.1707
33.1807
33.1907
33.2007
33.2107
33.2207
33.2307
33.2407
33.2507
33.2607
33.2707
33.2807
33.2907
33.3007
33.3107
33.3207
33.3306
33.3406
33.3506
33.3606
33.3706
33.3806
33.3906
33.4006
33.4106
33.4206
33.4306
33.4406
33.4506
33.4606
33.4706
33.4806
33.4906
33.5006
33.5106
33.5206
33.5306
33.5406
33.5506
33.5606
33.5706
33.5806
33.5906
33.6006
33.6106
33.6206
33.6306
33.6406
33.6506
33.6606
33.6706
33.6806
33.6906
33.7006
33.7106
33.7206
33.7306
33.7406
33.7506
33.7606
33.7706
33.7806
33.7906
33.8006
33.8106
33.8205
33.8305
33.8405
33.8505
33.8605
33.8705
33.8805
33.8905
33.9005
33.9105
33.9205
33.9305
33.9405
33.9505
33.9605
33.9705
33.9805
33.9905
34.0005
34.0105
34.0205
34.0305
34.0405
34.0505
34.0605
34.0705
34.0805
34.0905
34.1005
34.1105
34.1205
34.1305
34.1405
34.1505
34.1605
34.1705
34.1805
34.1905
34.2005
34.2105
34.2205
34.2305
34.2405
34.2505
34.2605
34.2705
34.2805
34.2905
34.3005
34.3104
34.3204
34.3304
34.3404
34.3504
34.3604
34.3704
34.3804
34.3904
34.4004
34.4104
34.4204
34.4304
34.4404
34.4504
34.4604
34.4704
34.4804
34.4904
34.5004
34.5104
34.5204
34.5304
34.5404
34.5504
34.5604
34.5704
34.5804
34.5904
34.6004
34.6104
34.6204
34.6304
34.6404
34.6504
34.6604
34.6704
34.6804
34.6904
34.7004
34.7104
34.7204
34.7304
34.7404
34.7504
34.7604
34.7704
34.7804
34.7904
34.8004
34.8103
34.8203
34.8303
34.8403
34.8503
34.8603
34.8703
34.8803
34.8903
34.9003
34.9103
34.9203
34.9303
34.9403
34.9503
34.9603
34.9703
34.9803
34.9903
35.0003
35.0103
35.0203
35.0303
35.0403
35.0503
35.0603
35.0703
35.0803
35.0903
35.1003
35.1103
35.1203
35.1303
35.1403
35.1503
35.1603
35.1703
35.1803
35.1903
35.2003
35.2103
35.2203
35.2303
35.2403
35.2503
35.2603
35.2703
35.2803
35.2903
35.3002
35.3102
35.3202
35.3302
35.3402
35.3502
35.3602
35.3702
35.3802
35.3902
35.4002
35.4102
35.4202
35.4302
35.4402
35.4502
35.4602
35.4702
35.4802
35.4902
35.5002
35.5102
35.5202
35.5302
35.5402
35.5502
35.5602
35.5702
35.5802
35.5902
35.6002
35.6102
35.6202
35.6302
35.6402
35.6502
35.6602
35.6702
35.6802
35.6902
35.7002
35.7102
35.7202
35.7302
35.7402
35.7502
35.7602
35.7702
35.7802
35.7901
35.8001
35.8101
35.8201
35.8301
35.8401
35.8501
35.8601
35.8701
35.8801
35.8901
35.9001
35.9101
35.9201
35.9301
35.9401
35.9501
35.9601
35.9701
35.9801
35.9901
36.0001
36.0101
36.0201
36.0301
36.0401
36.0501
36.0601
36.0701
36.0801
36.0901
36.1001
36.1101
36.1201
36.1301
36.1401
36.1501
36.1601
36.1701
36.1801
36.1901
36.2001
36.2101
36.2201
36.2301
36.2401
36.2501
36.2601
36.2701
36.2801
36.2900
36.3000
36.3100
36.3200
36.3300
36.3400
36.3500
36.3600
36.3700
36.3800
36.3900
36.4000
36.4100
36.4200
36.4300
36.4400
36.4500
36.4600
36.4700
36.4800
36.4900
36.5000
36.5100
36.5200
36.5300
36.5400
36.5500
36.5600
36.5700
36.5800
36.5900
36.6000
36.6100
36.6200
36.6300
36.6400
36.6500
36.6600
36.6700
36.6800
36.6900
36.7000
36.7100
36.7200
36.7300
36.7400
36.7500
36.7600
36.7700
36.7799
36.7899
36.7999
36.8099
36.8199
36.8299
36.8399
36.8499
36.8599
36.8699
36.8799
36.8899
36.8999
36.9099
36.9199
36.9299
36.9399
36.9499
36.9599
36.9699
36.9799
36.9899
36.9999
37.0099
37.0199
37.0299
37.0399
37.0499
37.0599
37.0699
37.0799
37.0899
37.0999
37.1099
37.1199
37.1299
37.1399
37.1499
37.1599
37.1699
37.1799
37.1899
37.1999
37.2099
37.2199
37.2299
37.2399
37.2499
37.2599
37.2698
37.2798
37.2898
37.2998
37.3098
37.3198
37.3298
37.3398
37.3498
37.3598
37.3698
37.3798
37.3898
37.3998
37.4098
37.4198
37.4298
37.4398
37.4498
37.4598
37.4698
37.4798
37.4898
37.4998
37.5098
37.5198
37.5298
37.5398
37.5498
37.5598
37.5698
37.5798
37.5898
37.5998
37.6098
37.6198
37.6298
37.6398
37.6498
37.6598
37.6698
37.6798
37.6898
37.6998
37.7098
37.7198
37.7298
37.7398
37.7498
37.7597
37.7697
37.7797
37.7897
37.7997
37.8097
37.8197
37.8297
37.8397
37.8497
37.8597
37.8697
37.8797
37.8897
37.8997
37.9097
37.9197
37.9297
37.9397
37.9497
37.9597
37.9697
37.9797
37.9897
37.9997
38.0097
38.0197
38.0297
38.0397
38.0497
38.0597
38.0697
38.0797
38.0897
38.0997
38.1097
38.1197
38.1297
38.1397
38.1497
38.1597
38.1697
38.1797
38.1897
38.1997
38.2097
38.2197
38.2297
38.2397
38.2497
38.2596
38.2696
38.2796
38.2896
38.2996
38.3096
38.3196
38.3296
38.3396
38.3496
38.3596
38.3696
38.3796
38.3896
38.3996
38.4096
38.4196
38.4296
38.4396
38.4496
38.4596
38.4696
38.4796
38.4896
38.4996
38.5096
38.5196
38.5296
38.5396
38.5496
38.5596
38.5696
38.5796
38.5896
38.5996
38.6096
38.6196
38.6296
38.6396
38.6496
38.6596
38.6696
38.6796
38.6896
38.6996
38.7096
38.7196
38.7296
38.7396
38.7495
38.7595
38.7695
38.7795
38.7895
38.7995
38.8095
38.8195
38.8295
38.8395
38.8495
38.8595
38.8695
38.8795
38.8895
38.8995
38.9095
38.9195
38.9295
38.9395
38.9495
38.9595
38.9695
38.9795
38.9895
38.9995
39.0095
39.0195
39.0295
39.0395
39.0495
39.0595
39.0695
39.0795
39.0895
39.0995
39.1095
39.1195
39.1295
39.1395
39.1495
39.1595
39.1695
39.1795
39.1895
39.1995
39.2095
39.2195
39.2295
39.2394
39.2494
39.2594
39.2694
39.2794
39.2894
39.2994
39.3094
39.3194
39.3294
39.3394
39.3494
39.3594
39.3694
39.3794
39.3894
39.3994
39.4094
39.4194
39.4294
39.4394
39.4494
39.4594
39.4694
39.4794
39.4894
39.4994
39.5094
39.5194
39.5294
39.5394
39.5494
39.5594
39.5694
39.5794
39.5894
39.5994
39.6094
39.6194
39.6294
39.6394
39.6494
39.6594
39.6694
39.6794
39.6894
39.6994
39.7094
39.7194
39.7294
39.7393
39.7493
39.7593
39.7693
39.7793
39.7893
39.7993
39.8093
39.8193
39.8293
39.8393
39.8493
39.8593
39.8693
39.8793
39.8893
39.8993
39.9093
39.9193
39.9293
39.9393
39.9493
39.9593
39.9693
39.9793
39.9893
39.9993
40.0093
40.0193
40.0293
40.0393
40.0493
40.0593
40.0693
40.0793
40.0893
40.0993
40.1093
40.1193
40.1293
40.1393
40.1493
40.1593
40.1693
40.1793
40.1893
40.1993
40.2093
40.2193
40.2292
40.2392
40.2492
40.2592
40.2692
40.2792
40.2892
40.2992
40.3092
40.3192
40.3292
40.3392
40.3492
40.3592
40.3692
40.3792
40.3892
40.3992
40.4092
40.4192
40.4292
40.4392
40.4492
40.4592
40.4692
40.4792
40.4892
40.4992
40.5092
40.5192
40.5292
40.5392
40.5492
40.5592
40.5692
40.5792
40.5892
40.5992
40.6092
40.6192
40.6292
40.6392
40.6492
40.6592
40.6692
40.6792
40.6892
40.6992
40.7092
40.7191
40.7291
40.7391
40.7491
40.7591
40.7691
40.7791
40.7891
40.7991
40.8091
40.8191
40.8291
40.8391
40.8491
40.8591
40.8691
40.8791
40.8891
40.8991
40.9091
40.9191
40.9291
40.9391
40.9491
40.9591
40.9691
40.9791
40.9891
40.9991
41.0091
41.0191
41.0291
41.0391
41.0491
41.0591
41.0691
41.0791
41.0891
41.0991
41.1091
41.1191
41.1291
41.1391
41.1491
41.1591
41.1691
41.1791
41.1891
41.1991
41.2091
41.2190
41.2290
41.2390
41.2490
41.2590
41.2690
41.2790
41.2890
41.2990
41.3090
41.3190
41.3290
41.3390
41.3490
41.3590
41.3690
41.3790
41.3890
41.3990
41.4090
41.4190
41.4290
41.4390
41.4490
41.4590
41.4690
41.4790
41.4890
41.4990
41.5090
41.5190
41.5290
41.5390
41.5490
41.5590
41.5690
41.5790
41.5890
41.5990
41.6090
41.6190
41.6290
41.6390
41.6490
41.6590
41.6690
41.6790
41.6890
41.6990
41.7089
41.7189
41.7289
41.7389
41.7489
41.7589
41.7689
41.7789
41.7889
41.7989
41.8089
41.8189
41.8289
41.8389
41.8489
41.8589
41.8689
41.8789
41.8889
41.8989
41.9089
41.9189
41.9289
41.9389
41.9489
41.9589
41.9689
41.9789
41.9889
41.9989
42.0089
42.0189
42.0289
42.0389
42.0489
42.0589
42.0689
42.0789
42.0889
42.0989
42.1089
42.1189
42.1289
42.1389
42.1489
42.1589
42.1689
42.1789
42.1889
42.1988
42.2088
42.2188
42.2288
42.2388
42.2488
42.2588
42.2688
42.2788
42.2888
42.2988
42.3088
42.3188
42.3288
42.3388
42.3488
42.3588
42.3688
42.3788
42.3888
42.3988
42.4088
42.4188
42.4288
42.4388
42.4488
42.4588
42.4688
42.4788
42.4888
42.4988
42.5088
42.5188
42.5288
42.5388
42.5488
42.5588
42.5688
42.5788
42.5888
42.5988
42.6088
42.6188
42.6288
42.6388
42.6488
42.6588
42.6688
42.6788
42.6888
42.6987
42.7087
42.7187
42.7287
42.7387
42.7487
42.7587
42.7687
42.7787
42.7887
42.7987
42.8087
42.8187
42.8287
42.8387
42.8487
42.8587
42.8687
42.8787
42.8887
42.8987
42.9087
42.9187
42.9287
42.9387
42.9487
42.9587
42.9687
42.9787
42.9887
42.9987
43.0087
43.0187
43.0287
43.0387
43.0487
43.0587
43.0687
43.0787
43.0887
43.0987
43.1087
43.1187
43.1287
43.1387
43.1487
43.1587
43.1687
43.1787
43.1886
43.1986
43.2086
43.2186
43.2286
43.2386
43.2486
43.2586
43.2686
43.2786
43.2886
43.2986
43.3086
43.3186
43.3286
43.3386
43.3486
43.3586
43.3686
43.3786
43.3886
43.3986
43.4086
43.4186
43.4286
43.4386
43.4486
43.4586
43.4686
43.4786
43.4886
43.4986
43.5086
43.5186
43.5286
43.5386
43.5486
43.5586
43.5686
43.5786
43.5886
43.5986
43.6086
43.6186
43.6286
43.6386
43.6486
43.6586
43.6686
43.6785
43.6885
43.6985
43.7085
43.7185
43.7285
43.7385
43.7485
43.7585
43.7685
43.7785
43.7885
43.7985
43.8085
43.8185
43.8285
43.8385
43.8485
43.8585
43.8685
43.8785
43.8885
43.8985
43.9085
43.9185
43.9285
43.9385
43.9485
43.9585
43.9685
43.9785
43.9885
43.9985
44.0085
44.0185
44.0285
44.0385
44.0485
44.0585
44.0685
44.0785
44.0885
44.0985
44.1085
44.1185
44.1285
44.1385
44.1485
44.1585
44.1684
44.1784
44.1884
44.1984
44.2084
44.2184
44.2284
44.2384
44.2484
44.2584
44.2684
44.2784
44.2884
44.2984
44.3084
44.3184
44.3284
44.3384
44.3484
44.3584
44.3684
44.3784
44.3884
44.3984
44.4084
44.4184
44.4284
44.4384
44.4484
44.4584
44.4684
44.4784
44.4884
44.4984
44.5084
44.5184
44.5284
44.5384
44.5484
44.5584
44.5684
44.5784
44.5884
44.5984
44.6084
44.6184
44.6284
44.6384
44.6484
44.6584
44.6683
44.6783
44.6883
44.6983
44.7083
44.7183
44.7283
44.7383
44.7483
44.7583
44.7683
44.7783
44.7883
44.7983
44.8083
44.8183
44.8283
44.8383
44.8483
44.8583
44.8683
44.8783
44.8883
44.8983
44.9083
44.9183
44.9283
44.9383
44.9483
44.9583
44.9683
44.9783
44.9883
44.9983
45.0083
45.0183
45.0283
45.0383
45.0483
45.0583
45.0683
45.0783
45.0883
45.0983
45.1083
45.1183
45.1283
45.1383
45.1483
45.1582
45.1682
45.1782
45.1882
45.1982
45.2082
45.2182
45.2282
45.2382
45.2482
45.2582
45.2682
45.2782
45.2882
45.2982
45.3082
45.3182
45.3282
45.3382
45.3482
45.3582
45.3682
45.3782
45.3882
45.3982
45.4082
45.4182
45.4282
45.4382
45.4482
45.4582
45.4682
45.4782
45.4882
45.4982
45.5082
45.5182
45.5282
45.5382
45.5482
45.5582
45.5682
45.5782
45.5882
45.5982
45.6082
45.6182
45.6282
45.6382
45.6481
45.6581
45.6681
45.6781
45.6881
45.6981
45.7081
45.7181
45.7281
45.7381
45.7481
45.7581
45.7681
45.7781
45.7881
45.7981
45.8081
45.8181
45.8281
45.8381
45.8481
45.8581
45.8681
45.8781
45.8881
45.8981
45.9081
45.9181
45.9281
45.9381
45.9481
45.9581
45.9681
45.9781
45.9881
45.9981
46.0081
46.0181
46.0281
46.0381
46.0481
46.0581
46.0681
46.0781
46.0881
46.0981
46.1081
46.1181
46.1281
46.1381
46.1480
46.1580
46.1680
46.1780
46.1880
46.1980
46.2080
46.2180
46.2280
46.2380
46.2480
46.2580
46.2680
46.2780
46.2880
46.2980
46.3080
46.3180
46.3280
46.3380
46.3480
46.3580
46.3680
46.3780
46.3880
46.3980
46.4080
46.4180
46.4280
46.4380
46.4480
46.4580
46.4680
46.4780
46.4880
46.4980
46.5080
46.5180
46.5280
46.5380
46.5480
46.5580
46.5680
46.5780
46.5880
46.5980
46.6080
46.6180
46.6280
46.6379
46.6479
46.6579
46.6679
46.6779
46.6879
46.6979
46.7079
46.7179
46.7279
46.7379
46.7479
46.7579
46.7679
46.7779
46.7879
46.7979
46.8079
46.8179
46.8279
46.8379
46.8479
46.8579
46.8679
46.8779
46.8879
46.8979
46.9079
46.9179
46.9279
46.9379
46.9479
46.9579
46.9679
46.9779
46.9879
46.9979
47.0079
47.0179
47.0279
47.0379
47.0479
47.0579
47.0679
47.0779
47.0879
47.0979
47.1079
47.1179
47.1278
47.1378
47.1478
47.1578
47.1678
47.1778
47.1878
47.1978
47.2078
47.2178
47.2278
47.2378
47.2478
47.2578
47.2678
47.2778
47.2878
47.2978
47.3078
47.3178
47.3278
47.3378
47.3478
47.3578
47.3678
47.3778
47.3878
47.3978
47.4078
47.4178
47.4278
47.4378
47.4478
47.4578
47.4678
47.4778
47.4878
47.4978
47.5078
47.5178
47.5278
47.5378
47.5478
47.5578
47.5678
47.5778
47.5878
47.5978
47.6078
47.6178
47.6277
47.6377
47.6477
47.6577
47.6677
47.6777
47.6877
47.6977
47.7077
47.7177
47.7277
47.7377
47.7477
47.7577
47.7677
47.7777
47.7877
47.7977
47.8077
47.8177
47.8277
47.8377
47.8477
47.8577
47.8677
47.8777
47.8877
47.8977
47.9077
47.9177
47.9277
47.9377
47.9477
47.9577
47.9677
47.9777
47.9877
47.9977
48.0077
48.0177
48.0277
48.0377
48.0477
48.0577
48.0677
48.0777
48.0877
48.0977
48.1077
48.1176
48.1276
48.1376
48.1476
48.1576
48.1676
48.1776
48.1876
48.1976
48.2076
48.2176
48.2276
48.2376
48.2476
48.2576
48.2676
48.2776
48.2876
48.2976
48.3076
48.3176
48.3276
48.3376
48.3476
48.3576
48.3676
48.3776
48.3876
48.3976
48.4076
48.4176
48.4276
48.4376
48.4476
48.4576
48.4676
48.4776
48.4876
48.4976
48.5076
48.5176
48.5276
48.5376
48.5476
48.5576
48.5676
48.5776
48.5876
48.5976
48.6075
48.6175
48.6275
48.6375
48.6475
48.6575
48.6675
48.6775
48.6875
48.6975
48.7075
48.7175
48.7275
48.7375
48.7475
48.7575
48.7675
48.7775
48.7875
48.7975
48.8075
48.8175
48.8275
48.8375
48.8475
48.8575
48.8675
48.8775
48.8875
48.8975
48.9075
48.9175
48.9275
48.9375
48.9475
48.9575
48.9675
48.9775
48.9875
48.9975
49.0075
49.0175
49.0275
49.0375
49.0475
49.0575
49.0675
49.0775
49.0875
49.0975
49.1074
49.1174
49.1274
49.1374
49.1474
49.1574
49.1674
49.1774
49.1874
49.1974
49.2074
49.2174
49.2274
49.2374
49.2474
49.2574
49.2674
49.2774
49.2874
49.2974
49.3074
49.3174
49.3274
49.3374
49.3474
49.3574
49.3674
49.3774
49.3874
49.3974
49.4074
49.4174
49.4274
49.4374
49.4474
49.4574
49.4674
49.4774
49.4874
49.4974
49.5074
49.5174
49.5274
49.5374
49.5474
49.5574
49.5674
49.5774
49.5874
49.5973
49.6073
49.6173
49.6273
49.6373
49.6473
49.6573
49.6673
49.6773
49.6873
49.6973
49.7073
49.7173
49.7273
49.7373
49.7473
49.7573
49.7673
49.7773
49.7873
49.7973
49.8073
49.8173
49.8273
49.8373
49.8473
49.8573
49.8673
49.8773
49.8873
49.8973
49.9073
49.9173
49.9273
49.9373
49.9473
49.9573
49.9673
49.9773
49.9873
49.9973
50.0073
50.0173
50.0273
50.0373
50.0473
50.0573
50.0673
50.0773
50.0872
50.0972
50.1072
50.1172
50.1272
50.1372
50.1472
50.1572
50.1672
50.1772
50.1872
50.1972
50.2072
50.2172
50.2272
50.2372
50.2472
50.2572
50.2672
50.2772
50.2872
50.2972
50.3072
50.3172
50.3272
50.3372
50.3472
50.3572
50.3672
50.3772
50.3872
50.3972
50.4072
50.4172
50.4272
50.4372
50.4472
50.4572
50.4672
50.4772
50.4872
50.4972
50.5072
50.5172
50.5272
50.5372
50.5472
50.5572
50.5672
50.5771
50.5871
50.5971
50.6071
50.6171
50.6271
50.6371
50.6471
50.6571
50.6671
50.6771
50.6871
50.6971
50.7071
50.7171
50.7271
50.7371
50.7471
50.7571
50.7671
50.7771
50.7871
50.7971
50.8071
50.8171
50.8271
50.8371
50.8471
50.8571
50.8671
50.8771
50.8871
50.8971
50.9071
50.9171
50.9271
50.9371
50.9471
50.9571
50.9671
50.9771
50.9871
50.9971
51.0071
51.0171
51.0271
51.0371
51.0471
51.0571
51.0671
51.0770
51.0870
51.0970
51.1070
51.1170
51.1270
51.1370
51.1470
51.1570
51.1670
51.1770
51.1870
51.1970
51.2070
51.2170
51.2270
51.2370
51.2470
51.2570
51.2670
51.2770
51.2870
51.2970
51.3070
51.3170
51.3270
51.3370
51.3470
51.3570
51.3670
51.3770
51.3870
51.3970
51.4070
51.4170
51.4270
51.4370
51.4470
51.4570
51.4670
51.4770
51.4870
51.4970
51.5070
51.5170
51.5270
51.5370
51.5470
51.5570
51.5669
51.5769
51.5869
51.5969
51.6069
51.6169
51.6269
51.6369
51.6469
51.6569
51.6669
51.6769
51.6869
51.6969
51.7069
51.7169
51.7269
51.7369
51.7469
51.7569
51.7669
51.7769
51.7869
51.7969
51.8069
51.8169
51.8269
51.8369
51.8469
51.8569
51.8669
51.8769
51.8869
51.8969
51.9069
51.9169
51.9269
51.9369
51.9469
51.9569
51.9669
51.9769
51.9869
51.9969
52.0069
52.0169
52.0269
52.0369
52.0469
52.0568
52.0668
52.0768
52.0868
52.0968
52.1068
52.1168
52.1268
52.1368
52.1468
52.1568
52.1668
52.1768
52.1868
52.1968
52.2068
52.2168
52.2268
52.2368
52.2468
52.2568
52.2668
52.2768
52.2868
52.2968
52.3068
52.3168
52.3268
52.3368
52.3468
52.3568
52.3668
52.3768
52.3868
52.3968
52.4068
52.4168
52.4268
52.4368
52.4468
52.4568
52.4668
52.4768
52.4868
52.4968
52.5068
52.5168
52.5268
52.5368
52.5468
52.5567
52.5667
52.5767
52.5867
52.5967
52.6067
52.6167
52.6267
52.6367
52.6467
52.6567
52.6667
52.6767
52.6867
52.6967
52.7067
52.7167
52.7267
52.7367
52.7467
52.7567
52.7667
52.7767
52.7867
52.7967
52.8067
52.8167
52.8267
52.8367
52.8467
52.8567
52.8667
52.8767
52.8867
52.8967
52.9067
52.9167
52.9267
52.9367
52.9467
52.9567
52.9667
52.9767
52.9867
52.9967
53.0067
53.0167
53.0267
53.0367
53.0466
53.0566
53.0666
53.0766
53.0866
53.0966
53.1066
53.1166
53.1266
53.1366
53.1466
53.1566
53.1666
53.1766
53.1866
53.1966
53.2066
53.2166
53.2266
53.2366
53.2466
53.2566
53.2666
53.2766
53.2866
53.2966
53.3066
53.3166
53.3266
53.3366
53.3466
53.3566
53.3666
53.3766
53.3866
53.3966
53.4066
53.4166
53.4266
53.4366
53.4466
53.4566
53.4666
53.4766
53.4866
53.4966
53.5066
53.5166
53.5266
53.5365
53.5465
53.5565
53.5665
53.5765
53.5865
53.5965
53.6065
53.6165
53.6265
53.6365
53.6465
53.6565
53.6665
53.6765
53.6865
53.6965
53.7065
53.7165
53.7265
53.7365
53.7465
53.7565
53.7665
53.7765
53.7865
53.7965
53.8065
53.8165
53.8265
53.8365
53.8465
53.8565
53.8665
53.8765
53.8865
53.8965
53.9065
53.9165
53.9265
53.9365
53.9465
53.9565
53.9665
53.9765
53.9865
53.9965
54.0065
54.0165
54.0265
54.0364
54.0464
54.0564
54.0664
54.0764
54.0864
54.0964
54.1064
54.1164
54.1264
54.1364
54.1464
54.1564
54.1664
54.1764
54.1864
54.1964
54.2064
54.2164
54.2264
54.2364
54.2464
54.2564
54.2664
54.2764
54.2864
54.2964
54.3064
54.3164
54.3264
54.3364
54.3464
54.3564
54.3664
54.3764
54.3864
54.3964
54.4064
54.4164
54.4264
54.4364
54.4464
54.4564
54.4664
54.4764
54.4864
54.4964
54.5064
54.5164
54.5263
54.5363
54.5463
54.5563
54.5663
54.5763
54.5863
54.5963
54.6063
54.6163
54.6263
54.6363
54.6463
54.6563
54.6663
54.6763
54.6863
54.6963
54.7063
54.7163
54.7263
54.7363
54.7463
54.7563
54.7663
54.7763
54.7863
54.7963
54.8063
54.8163
54.8263
54.8363
54.8463
54.8563
54.8663
54.8763
54.8863
54.8963
54.9063
54.9163
54.9263
54.9363
54.9463
54.9563
54.9663
54.9763
54.9863
54.9963
55.0063
55.0162
55.0262
55.0362
55.0462
55.0562
55.0662
55.0762
55.0862
55.0962
55.1062
55.1162
55.1262
55.1362
55.1462
55.1562
55.1662
55.1762
55.1862
55.1962
55.2062
55.2162
55.2262
55.2362
55.2462
55.2562
55.2662
55.2762
55.2862
55.2962
55.3062
55.3162
55.3262
55.3362
55.3462
55.3562
55.3662
55.3762
55.3862
55.3962
55.4062
55.4162
55.4262
55.4362
55.4462
55.4562
55.4662
55.4762
55.4862
55.4962
55.5062
55.5161
55.5261
55.5361
55.5461
55.5561
55.5661
55.5761
55.5861
55.5961
55.6061
55.6161
55.6261
55.6361
55.6461
55.6561
55.6661
55.6761
55.6861
55.6961
55.7061
55.7161
55.7261
55.7361
55.7461
55.7561
55.7661
55.7761
55.7861
55.7961
55.8061
55.8161
55.8261
55.8361
55.8461
55.8561
55.8661
55.8761
55.8861
55.8961
55.9061
55.9161
55.9261
55.9361
55.9461
55.9561
55.9661
55.9761
55.9861
55.9961
56.0060
56.0160
56.0260
56.0360
56.0460
56.0560
56.0660
56.0760
56.0860
56.0960
56.1060
56.1160
56.1260
56.1360
56.1460
56.1560
56.1660
56.1760
56.1860
56.1960
56.2060
56.2160
56.2260
56.2360
56.2460
56.2560
56.2660
56.2760
56.2860
56.2960
56.3060
56.3160
56.3260
56.3360
56.3460
56.3560
56.3660
56.3760
56.3860
56.3960
56.4060
56.4160
56.4260
56.4360
56.4460
56.4560
56.4660
56.4760
56.4860
56.4959
56.5059
56.5159
56.5259
56.5359
56.5459
56.5559
56.5659
56.5759
56.5859
56.5959
56.6059
56.6159
56.6259
56.6359
56.6459
56.6559
56.6659
56.6759
56.6859
56.6959
56.7059
56.7159
56.7259
56.7359
56.7459
56.7559
56.7659
56.7759
56.7859
56.7959
56.8059
56.8159
56.8259
56.8359
56.8459
56.8559
56.8659
56.8759
56.8859
56.8959
56.9059
56.9159
56.9259
56.9359
56.9459
56.9559
56.9659
56.9759
56.9858
56.9958
57.0058
57.0158
57.0258
57.0358
57.0458
57.0558
57.0658
57.0758
57.0858
57.0958
57.1058
57.1158
57.1258
57.1358
57.1458
57.1558
57.1658
57.1758
57.1858
57.1958
57.2058
57.2158
57.2258
57.2358
57.2458
57.2558
57.2658
57.2758
57.2858
57.2958
57.3058
57.3158
57.3258
57.3358
57.3458
57.3558
57.3658
57.3758
57.3858
57.3958
57.4058
57.4158
57.4258
57.4358
57.4458
57.4558
57.4658
57.4758
57.4857
57.4957
57.5057
57.5157
57.5257
57.5357
57.5457
57.5557
57.5657
57.5757
57.5857
57.5957
57.6057
57.6157
57.6257
57.6357
57.6457
57.6557
57.6657
57.6757
57.6857
57.6957
57.7057
57.7157
57.7257
57.7357
57.7457
57.7557
57.7657
57.7757
57.7857
57.7957
57.8057
57.8157
57.8257
57.8357
57.8457
57.8557
57.8657
57.8757
57.8857
57.8957
57.9057
57.9157
57.9257
57.9357
57.9457
57.9557
57.9657
57.9756
57.9856
57.9956
58.0056
58.0156
58.0256
58.0356
58.0456
58.0556
58.0656
58.0756
58.0856
58.0956
58.1056
58.1156
58.1256
58.1356
58.1456
58.1556
58.1656
58.1756
58.1856
58.1956
58.2056
58.2156
58.2256
58.2356
58.2456
58.2556
58.2656
58.2756
58.2856
58.2956
58.3056
58.3156
58.3256
58.3356
58.3456
58.3556
58.3656
58.3756
58.3856
58.3956
58.4056
58.4156
58.4256
58.4356
58.4456
58.4556
58.4655
58.4755
58.4855
58.4955
58.5055
58.5155
58.5255
58.5355
58.5455
58.5555
58.5655
58.5755
58.5855
58.5955
58.6055
58.6155
58.6255
58.6355
58.6455
58.6555
58.6655
58.6755
58.6855
58.6955
58.7055
58.7155
58.7255
58.7355
58.7455
58.7555
58.7655
58.7755
58.7855
58.7955
58.8055
58.8155
58.8255
58.8355
58.8455
58.8555
58.8655
58.8755
58.8855
58.8955
58.9055
58.9155
58.9255
58.9355
58.9455
58.9555
58.9654
58.9754
58.9854
58.9954
59.0054
59.0154
59.0254
59.0354
59.0454
59.0554
59.0654
59.0754
59.0854
59.0954
59.1054
59.1154
59.1254
59.1354
59.1454
59.1554
59.1654
59.1754
59.1854
59.1954
59.2054
59.2154
59.2254
59.2354
59.2454
59.2554
59.2654
59.2754
59.2854
59.2954
59.3054
59.3154
59.3254
59.3354
59.3454
59.3554
59.3654
59.3754
59.3854
59.3954
59.4054
59.4154
59.4254
59.4354
59.4454
59.4553
59.4653
59.4753
59.4853
59.4953
59.5053
59.5153
59.5253
59.5353
59.5453
59.5553
59.5653
59.5753
59.5853
59.5953
59.6053
59.6153
59.6253
59.6353
59.6453
59.6553
59.6653
59.6753
59.6853
59.6953
59.7053
59.7153
59.7253
59.7353
59.7453
59.7553
59.7653
59.7753
59.7853
59.7953
59.8053
59.8153
59.8253
59.8353
59.8453
59.8553
59.8653
59.8753
59.8853
59.8953
59.9053
59.9153
59.9253
59.9353
59.9452
59.9552
59.9652
59.9752
59.9852
59.9952
60.0052
60.0152
60.0252
60.0352
60.0452
60.0552
60.0652
60.0752
60.0852
60.0952
60.1052
60.1152
60.1252
60.1352
60.1452
60.1552
60.1652
60.1752
60.1852
60.1952
60.2052
60.2152
60.2252
60.2352
60.2452
60.2552
60.2652
60.2752
60.2852
60.2952
60.3052
60.3152
60.3252
60.3352
60.3452
60.3552
60.3652
60.3752
60.3852
60.3952
60.4052
60.4152
60.4252
60.4352
60.4451
60.4551
60.4651
60.4751
60.4851
60.4951
60.5051
60.5151
60.5251
60.5351
60.5451
60.5551
60.5651
60.5751
60.5851
60.5951
60.6051
60.6151
60.6251
60.6351
60.6451
60.6551
60.6651
60.6751
60.6851
60.6951
60.7051
60.7151
60.7251
60.7351
60.7451
60.7551
60.7651
60.7751
60.7851
60.7951
60.8051
60.8151
60.8251
60.8351
60.8451
60.8551
60.8651
60.8751
60.8851
60.8951
60.9051
60.9151
60.9251
60.9350
60.9450
60.9550
60.9650
60.9750
60.9850
60.9950
61.0050
61.0150
61.0250
61.0350
61.0450
61.0550
61.0650
61.0750
61.0850
61.0950
61.1050
61.1150
61.1250
61.1350
61.1450
61.1550
61.1650
61.1750
61.1850
61.1950
61.2050
61.2150
61.2250
61.2350
61.2450
61.2550
61.2650
61.2750
61.2850
61.2950
61.3050
61.3150
61.3250
61.3350
61.3450
61.3550
61.3650
61.3750
61.3850
61.3950
61.4050
61.4150
61.4249
61.4349
61.4449
61.4549
61.4649
61.4749
61.4849
61.4949
61.5049
61.5149
61.5249
61.5349
61.5449
61.5549
61.5649
61.5749
61.5849
61.5949
61.6049
61.6149
61.6249
61.6349
61.6449
61.6549
61.6649
61.6749
61.6849
61.6949
61.7049
61.7149
61.7249
61.7349
61.7449
61.7549
61.7649
61.7749
61.7849
61.7949
61.8049
61.8149
61.8249
61.8349
61.8449
61.8549
61.8649
61.8749
61.8849
61.8949
61.9049
61.9149
61.9248
61.9348
61.9448
61.9548
61.9648
61.9748
61.9848
61.9948
62.0048
62.0148
62.0248
62.0348
62.0448
62.0548
62.0648
62.0748
62.0848
62.0948
62.1048
62.1148
62.1248
62.1348
62.1448
62.1548
62.1648
62.1748
62.1848
62.1948
62.2048
62.2148
62.2248
62.2348
62.2448
62.2548
62.2648
62.2748
62.2848
62.2948
62.3048
62.3148
62.3248
62.3348
62.3448
62.3548
62.3648
62.3748
62.3848
62.3948
62.4048
62.4147
62.4247
62.4347
62.4447
62.4547
62.4647
62.4747
62.4847
62.4947
62.5047
62.5147
62.5247
62.5347
62.5447
62.5547
62.5647
62.5747
62.5847
62.5947
62.6047
62.6147
62.6247
62.6347
62.6447
62.6547
62.6647
62.6747
62.6847
62.6947
62.7047
62.7147
62.7247
62.7347
62.7447
62.7547
62.7647
62.7747
62.7847
62.7947
62.8047
62.8147
62.8247
62.8347
62.8447
62.8547
62.8647
62.8747
62.8847
62.8947
62.9046
62.9146
62.9246
62.9346
62.9446
62.9546
62.9646
62.9746
62.9846
62.9946
